784 0 28
578 0 34
802 0 40
177 0 102
369 0 125
939 1 9
524 1 22
90 1 58
76 1 93
615 1 98
961 1 112
951 2 15
736 2 43
955 2 49
258 2 54
253 2 67
776 2 107
600 2 134
274 2 139
152 3 3
78 3 6
671 3 19
575 3 97
214 3 111
519 3 116
787 3 124
739 3 128
514 4 36
155 4 40
807 4 53
516 4 71
23 4 86
5 4 90
250 4 101
531 4 105
71 4 136
69 5 60
785 5 133
908 6 20
166 6 24
242 6 29
825 6 33
19 6 56
148 6 72
822 6 77
127 6 86
971 6 107
206 6 121
540 6 125
753 6 129
111 7 11
635 7 66
222 7 90
286 7 94
823 7 99
630 7 134
821 8 5
424 8 32
303 8 39
322 8 43
311 8 47
156 8 52
786 8 71
91 8 78
620 8 83
406 8 112
187 8 121
865 8 139
975 9 28
649 9 56
417 9 64
39 9 98
546 10 21
640 10 51
246 10 108
253 10 119
690 10 125
526 10 131
571 11 42
121 11 47
532 11 74
726 11 82
683 11 136
173 12 9
568 12 13
624 12 17
190 12 24
542 12 55
464 12 78
519 12 102
144 12 106
652 12 111
926 12 123
592 13 83
78 13 92
537 13 96
303 13 129
200 13 133
780 14 5
716 14 13
858 14 23
775 14 32
587 14 40
314 14 44
374 14 50
375 14 60
777 14 67
677 14 119
394 14 123
512 14 137
287 15 80
255 15 85
431 15 95
104 15 109
803 15 127
844 15 132
875 16 23
920 16 39
615 16 45
556 16 49
488 16 58
308 16 62
888 16 69
522 16 91
511 16 105
688 17 11
778 17 18
410 17 34
322 17 74
234 17 83
692 17 97
583 17 110
240 17 114
800 17 122
844 18 42
683 18 55
341 18 67
637 18 103
768 18 128
80 18 136
312 19 10
113 19 24
858 19 36
427 19 47
685 19 51
211 19 79
336 19 84
502 19 113
151 20 32
293 20 43
454 20 57
63 20 75
39 20 90
831 20 101
677 21 16
165 21 25
104 21 39
145 21 52
444 21 66
767 21 71
975 21 97
659 21 116
352 21 120
844 21 124
160 21 133
967 22 11
116 22 30
866 22 45
404 22 75
659 22 92
293 22 129
801 23 6
553 23 60
623 23 65
567 23 81
816 23 101
994 23 108
510 23 116
547 23 134
609 24 14
783 24 48
848 24 56
511 24 69
718 24 73
116 24 95
356 25 25
810 25 30
721 25 61
244 25 78
315 25 90
605 25 107
665 25 125
411 25 129
956 26 21
523 26 37
622 26 53
322 26 82
703 26 102
888 26 117
714 26 135
896 27 6
580 27 14
146 27 30
327 27 58
766 27 64
93 27 68
482 27 92
327 27 97
494 27 109
978 27 125
701 28 52
429 28 74
895 28 114
561 29 5
517 29 10
994 29 15
248 29 19
596 29 23
196 29 42
701 29 46
217 29 67
160 29 78
265 29 99
471 29 104
76 29 108
509 29 123
15 29 127
245 29 138
615 30 28
801 30 32
837 30 36
661 30 52
707 30 62
613 30 71
495 30 85
959 30 94
107 31 12
853 31 104
808 31 112
249 31 117
160 31 121
549 32 7
137 32 16
288 32 29
759 32 36
961 32 47
788 32 81
846 32 89
920 32 98
774 32 127
850 33 41
636 33 55
104 33 59
204 33 64
192 33 68
387 33 74
382 33 93
436 33 112
682 33 123
532 33 134
893 34 27
660 34 31
334 34 97
505 34 104
732 34 116
35 35 34
18 35 44
970 35 48
752 35 52
567 35 85
258 35 90
829 35 108
358 35 125
464 35 132
189 35 137
676 36 8
319 36 12
222 36 25
559 36 59
604 36 65
687 36 81
16 36 99
492 36 112
376 36 121
157 37 21
909 37 33
266 37 52
971 37 75
211 37 86
885 37 91
284 38 4
167 38 12
83 38 24
408 38 38
290 38 45
538 38 63
84 38 98
885 38 105
575 38 116
511 38 129
481 38 134
770 39 16
844 39 21
599 39 28
457 39 49
861 39 58
779 39 77
897 39 95
520 39 124
972 40 33
527 40 37
844 40 41
26 40 88
957 40 99
787 40 119
759 40 131
530 41 6
396 41 11
670 41 28
503 41 52
689 41 56
486 41 63
558 41 68
522 41 75
629 41 113
96 42 20
320 42 32
972 42 45
776 42 82
265 42 132
53 42 135
48 43 6
736 43 37
771 43 62
85 43 66
360 43 71
705 43 76
501 43 86
685 43 112
705 44 13
648 44 24
780 44 48
13 44 55
898 44 118
282 44 126
478 44 137
186 45 5
369 45 29
327 45 44
14 45 65
472 45 71
942 45 84
817 45 96
611 45 106
66 45 112
236 45 133
308 46 21
226 46 39
573 46 62
85 46 87
9 46 89
801 46 101
217 46 117
237 46 129
728 47 25
267 47 72
634 47 80
979 47 107
14 47 120
364 47 138
213 48 10
468 48 29
446 48 48
647 48 54
822 48 66
819 48 85
469 48 114
70 48 125
37 48 128
143 49 20
762 49 25
649 49 61
123 49 90
902 49 101
67 49 104
939 49 109
793 49 137
982 50 10
266 50 96
622 50 123
672 50 131
797 51 15
608 51 24
173 51 34
111 51 66
219 51 84
252 51 92
438 51 115
726 51 119
902 51 127
25 51 134
863 52 28
805 52 40
9 52 42
107 52 52
151 52 78
234 52 96
422 52 102
995 52 109
866 52 139
670 53 7
544 53 21
311 53 34
943 53 83
167 53 117
695 53 123
508 54 30
278 54 43
78 54 47
459 54 59
922 54 90
201 54 94
513 54 101
518 54 105
985 54 112
476 54 127
556 55 5
905 55 14
341 55 19
683 55 26
732 55 37
753 55 55
331 55 68
342 55 74
591 55 121
972 55 137
833 56 63
566 56 89
460 56 107
621 56 112
836 56 116
627 57 16
912 57 21
49 57 29
289 57 41
910 57 49
737 57 55
645 57 72
977 57 80
159 57 85
707 57 93
104 57 98
644 57 102
872 57 121
453 57 139
287 58 64
375 58 76
723 58 106
256 58 113
361 58 127
184 58 134
231 59 9
187 59 19
8 59 26
569 59 35
138 59 39
963 59 60
899 59 84
571 59 95
836 59 101
349 59 139
546 60 3
29 60 31
885 60 45
20 60 53
95 60 111
660 60 119
470 60 130
568 61 8
178 61 24
313 61 40
19 61 78
724 61 85
338 61 92
880 61 105
996 61 126
84 61 134
253 62 45
893 62 54
520 62 109
747 63 20
877 63 35
990 63 40
45 63 65
604 63 93
152 63 120
275 63 129
931 63 138
26 64 15
128 64 25
753 64 53
374 64 59
522 64 73
835 64 77
838 64 89
344 64 97
222 64 103
602 64 116
12 65 36
717 65 45
966 65 49
734 65 66
486 65 82
634 65 112
431 65 126
115 66 3
388 66 7
670 66 23
251 66 57
666 66 75
887 66 86
18 66 89
532 66 94
661 66 103
685 66 108
947 66 132
977 67 17
308 67 29
63 67 51
194 67 69
886 67 80
543 67 117
419 67 121
489 68 35
496 68 59
933 68 75
91 68 90
558 68 98
669 68 102
475 68 110
501 68 132
737 69 6
807 69 11
545 69 31
873 69 52
763 69 67
864 69 106
152 69 119
553 70 16
623 70 38
681 70 73
835 70 83
669 70 88
530 70 102
402 70 129
538 70 133
334 71 7
186 71 61
977 71 78
82 71 109
950 71 117
985 71 125
847 72 31
347 72 43
213 72 70
168 72 88
820 72 101
211 72 121
150 72 136
520 73 9
630 73 49
193 73 66
597 73 76
266 73 83
744 73 95
950 73 116
584 73 128
947 74 5
903 74 37
889 74 45
693 74 56
365 74 99
846 74 112
655 74 123
609 75 10
478 75 26
597 75 31
469 75 86
721 75 108
267 75 116
872 75 129
997 76 6
975 76 16
419 76 39
630 76 50
646 76 60
939 76 69
865 76 92
933 76 96
805 76 100
676 76 104
102 77 12
544 77 20
984 77 25
258 77 29
526 77 33
473 77 86
932 77 111
247 77 120
955 77 138
553 78 44
517 78 67
600 78 73
344 78 78
970 79 32
280 79 61
782 79 95
486 79 122
604 80 28
997 80 38
274 80 44
682 80 51
673 80 55
156 80 65
831 80 69
392 80 73
228 80 84
814 80 88
145 80 107
835 80 117
222 80 133
570 80 137
694 81 5
157 81 24
848 81 32
246 81 60
447 81 78
259 81 95
381 81 101
54 81 110
433 82 16
594 82 37
184 82 41
743 82 55
987 82 86
649 82 128
941 82 134
97 83 8
386 83 33
344 83 119
871 83 138
186 84 24
937 84 29
528 84 38
179 84 50
976 84 58
405 84 65
522 84 103
65 84 113
893 85 10
72 85 77
719 85 85
104 85 89
731 85 97
31 85 107
93 85 116
274 85 121
41 85 128
348 85 132
855 86 22
879 86 28
950 86 40
342 86 48
771 86 55
546 86 102
526 87 32
943 87 36
124 87 71
839 87 76
161 87 88
558 87 95
131 88 10
665 88 46
266 88 50
732 88 56
949 88 64
31 88 80
754 88 100
932 88 118
169 89 18
889 89 25
271 89 33
613 89 37
194 89 70
107 89 105
142 89 122
551 89 129
925 89 133
56 89 136
281 90 60
750 90 64
563 90 74
848 90 88
477 90 92
655 90 97
674 90 110
312 91 15
716 91 22
802 91 54
281 91 70
708 91 114
594 92 10
359 92 31
462 92 38
405 92 48
439 92 82
759 92 94
987 92 110
330 92 118
580 93 16
26 93 23
467 93 59
13 93 98
102 93 102
460 93 106
693 93 127
227 94 11
861 94 28
523 94 34
877 94 43
429 94 65
383 94 94
568 95 7
689 95 69
691 95 82
39 95 87
123 95 105
869 95 115
1 95 127
892 96 13
581 96 22
876 96 39
603 96 78
399 96 97
927 96 122
611 97 26
443 97 53
856 97 63
559 97 68
679 97 87
925 97 127
34 97 132
303 98 9
944 98 17
444 98 39
961 98 47
433 98 58
215 98 73
26 98 78
95 98 83
82 98 98
710 99 13
130 99 22
13 99 34
443 99 51
391 99 62
260 99 69
751 99 92
508 99 127
555 99 137
958 100 18
93 100 26
235 100 31
460 100 57
491 100 84
324 100 100
409 100 113
972 100 118
2 100 122
534 101 12
580 101 64
973 101 95
102 101 104
632 101 108
48 101 137
820 102 24
206 102 28
890 102 33
683 102 44
493 102 72
256 102 80
434 102 124
884 102 132
585 103 4
664 103 17
512 103 76
914 103 84
188 103 89
941 103 113
521 104 13
168 104 25
94 104 36
139 104 40
793 104 57
827 104 80
215 104 93
24 104 105
787 104 137
148 105 32
205 105 70
728 105 75
153 105 89
176 105 99
963 105 109
649 105 114
628 105 122
19 105 130
883 106 9
806 106 16
226 106 41
763 106 47
229 106 85
60 106 137
21 107 58
357 107 63
839 107 69
968 107 81
469 107 100
339 107 111
457 108 9
89 108 36
613 108 40
214 108 53
958 108 77
341 108 87
645 108 115
274 108 121
37 108 125
82 108 133
465 108 138
70 109 5
932 109 25
83 109 29
787 109 33
218 109 58
787 109 63
7 109 92
287 109 97
92 110 21
373 110 37
163 110 74
304 110 88
667 110 112
547 110 120
67 110 124
851 111 4
267 111 29
189 111 33
312 111 45
837 111 58
344 111 70
604 111 96
679 111 100
883 112 23
258 112 37
896 112 41
687 112 78
488 112 83
615 112 118
173 113 45
605 113 49
609 113 57
812 113 63
721 113 74
582 113 94
906 113 99
85 113 113
940 113 125
409 113 129
928 113 134
49 114 34
493 114 38
721 114 81
857 114 88
62 114 107
736 115 20
968 115 52
685 115 65
949 115 70
755 115 74
37 115 94
53 115 136
621 116 8
812 116 15
203 116 28
151 116 35
828 116 43
48 116 46
871 116 61
764 116 90
384 116 98
37 116 109
905 116 114
314 116 132
575 117 22
244 117 53
708 117 68
131 117 82
546 117 106
641 117 120
189 117 127
801 118 6
772 118 30
989 118 46
751 118 88
523 118 94
117 118 100
538 118 112
82 119 9
749 119 36
402 119 57
140 119 63
202 119 106
93 119 120
604 119 125
438 119 131
567 119 135
564 120 19
353 120 32
442 120 47
153 120 53
5 120 84
414 120 94
765 121 14
259 121 26
148 121 36
722 121 63
348 121 68
115 121 74
195 121 100
186 121 105
729 121 109
19 121 118
602 121 138
69 122 5
249 122 9
452 122 32
288 122 47
975 122 59
865 122 81
744 122 115
423 122 122
756 122 133
882 123 21
801 123 26
455 123 36
16 123 71
957 123 85
841 123 90
912 123 99
581 123 104
887 123 111
745 123 128
464 123 137
62 124 6
734 124 42
544 124 51
898 124 64
548 124 80
516 124 118
632 124 123
977 125 33
512 125 47
473 125 73
985 125 91
678 125 95
128 125 100
330 125 129
942 126 5
181 126 16
831 126 25
430 126 61
399 126 66
637 126 80
356 126 84
656 126 115
500 126 121
135 126 133
403 126 137
6 127 34
307 127 40
174 127 47
722 127 51
281 127 90
663 127 94
101 127 111
997 128 4
53 128 8
67 128 62
324 128 66
117 128 71
227 128 86
385 128 126
198 128 136
634 129 13
669 129 17
743 129 35
869 129 43
233 129 56
948 129 81
817 129 115
280 130 22
66 130 38
393 130 65
745 130 74
472 130 96
940 130 101
70 130 110
615 130 137
718 131 26
464 131 32
797 131 51
134 131 80
38 131 87
560 131 92
388 131 119
307 131 128
49 131 133
113 132 5
274 132 15
800 132 19
992 132 36
373 132 46
791 132 56
775 132 64
873 132 68
227 132 104
849 132 109
357 132 114
75 133 26
775 133 60
179 133 74
293 133 134
987 133 139
501 134 6
766 134 23
26 134 41
805 134 45
692 134 54
917 134 69
483 134 108
413 134 112
358 135 10
160 135 14
555 135 31
798 135 37
684 135 62
676 135 86
229 135 99
815 135 120
432 136 18
795 136 75
816 136 81
758 136 105
193 136 116
222 136 131
666 136 136
139 137 9
894 137 23
226 137 36
826 137 44
248 137 58
850 137 63
895 137 97
340 137 109
922 137 125
892 138 5
162 138 13
249 138 54
845 138 81
902 138 86
800 138 114
86 139 22
143 139 69
179 139 93
419 139 127
552835
